(in /media/data/develop/rails/3m/svn/3m.dev.pankowecki.pl_port_3033/code)
RevisionNumber	ControllersLOC	ControllersClasses	ControllersMethods	HelpersLOC	HelpersClasses	HelpersMethods	ModelsLOC	ModelsClasses	ModelsMethods	LibrariesLOC	LibrariesClasses	LibrariesMethods	IntegrationTestsLOC	IntegrationTestsClasses	IntegrationTestsMethods	FunctionalTestLOC	FunctionalTestClasses	FunctionalTestMethods	UnitTestsLOC	UnitTestsClasses	UnitTestsMethods	TotalLOC	TotalClasses	TotalMethods	

4	775	6	70	14	0	0	504	7	69	0	0	0	0	0	0	396	12	60	94	7	13	1783	32	212	
5	775	6	70	14	0	0	504	7	69	0	0	0	0	0	0	396	12	60	94	7	13	1783	32	212	
6	775	6	70	14	0	0	504	7	69	0	0	0	0	0	0	396	12	60	94	7	13	1783	32	212	
7	775	6	70	14	0	0	504	7	69	0	0	0	0	0	0	396	12	60	94	7	13	1783	32	212	
8	867	7	79	14	0	0	504	7	69	0	0	0	0	0	0	396	12	60	94	7	13	1875	33	221	
9	867	7	79	14	0	0	504	7	69	0	0	0	0	0	0	396	12	60	94	7	13	1875	33	221	
10	867	7	79	14	0	0	504	7	69	0	0	0	0	0	0	396	12	60	94	7	13	1875	33	221	
11	867	7	79	14	0	0	504	7	69	0	0	0	0	0	0	396	12	60	94	7	13	1875	33	221	
12	867	7	79	14	0	0	504	7	69	0	0	0	0	0	0	396	12	60	94	7	13	1875	33	221	
13	857	7	79	14	0	0	568	9	78	0	0	0	0	0	0	396	12	60	242	8	26	2077	36	243	
14	857	7	79	14	0	0	568	9	78	0	0	0	0	0	0	396	12	60	242	8	26	2077	36	243	
15	857	7	79	14	0	0	568	9	78	0	0	0	0	0	0	396	12	60	242	8	26	2077	36	243	
16	857	7	79	14	0	0	586	9	81	0	0	0	0	0	0	396	12	60	267	8	29	2120	36	249	
17	857	7	79	14	0	0	586	9	81	0	0	0	0	0	0	396	12	60	267	8	29	2120	36	249	
18	857	7	79	14	0	0	598	9	82	0	0	0	0	0	0	396	12	60	285	8	30	2150	36	251	
19	857	7	79	14	0	0	600	10	82	0	0	0	0	0	0	396	12	60	291	9	31	2158	38	252	
20	857	7	79	14	0	0	600	10	82	36	0	2	0	0	0	396	12	60	291	9	31	2194	38	254	
21	857	7	79	14	0	0	612	10	83	36	0	2	0	0	0	396	12	60	305	9	32	2220	38	256	
22	855	7	79	14	0	0	612	10	83	36	0	2	0	0	0	396	12	60	305	9	32	2218	38	256	
23	853	7	79	14	0	0	612	10	83	36	0	2	0	0	0	396	12	60	305	9	32	2216	38	256	
24	853	7	79	14	0	0	636	10	84	36	0	2	0	0	0	396	12	60	333	9	33	2268	38	258	
25	853	7	79	14	0	0	656	10	85	36	0	2	0	0	0	396	12	60	373	9	36	2328	38	262	
26	853	7	79	14	0	0	655	10	85	37	0	2	0	0	0	396	12	60	434	10	41	2389	39	267	
27	853	7	79	14	0	0	655	10	85	37	0	2	0	0	0	396	12	60	434	10	41	2389	39	267	
28	853	7	79	14	0	0	670	10	92	37	0	2	0	0	0	396	12	60	434	10	41	2404	39	274	
29	853	7	79	14	0	0	670	10	92	37	0	2	0	0	0	396	12	60	434	10	41	2404	39	274	
30	853	7	79	14	0	0	670	10	92	37	0	2	0	0	0	396	12	60	434	10	41	2404	39	274	
31	853	7	79	14	0	0	670	10	92	37	0	2	0	0	0	396	12	60	434	10	41	2404	39	274	
32	853	7	79	14	0	0	670	10	92	37	0	2	0	0	0	396	12	60	434	10	41	2404	39	274	
33	853	7	79	14	0	0	670	10	92	37	0	2	0	0	0	396	12	60	434	10	41	2404	39	274	
34	853	7	79	14	0	0	670	10	92	37	0	2	0	0	0	396	12	60	434	10	41	2404	39	274	
35	853	7	79	14	0	0	670	10	92	37	0	2	0	0	0	396	12	60	434	10	41	2404	39	274	
36	853	7	79	14	0	0	670	10	92	37	0	2	0	0	0	396	12	60	434	10	41	2404	39	274	
37	853	7	79	14	0	0	670	10	92	37	0	2	0	0	0	396	12	60	434	10	41	2404	39	274	
38	853	7	79	14	0	0	670	10	92	37	0	2	0	0	0	396	12	60	434	10	41	2404	39	274	
39	853	7	79	14	0	0	670	10	92	37	0	2	0	0	0	396	12	60	434	10	41	2404	39	274	
40	853	7	79	14	0	0	670	10	92	37	0	2	0	0	0	396	12	60	434	10	41	2404	39	274	
41	853	7	79	14	0	0	670	10	92	37	0	2	0	0	0	396	12	60	434	10	41	2404	39	274	
42	853	7	79	14	0	0	670	10	92	37	0	2	0	0	0	396	12	60	434	10	41	2404	39	274	
43	853	7	79	14	0	0	670	10	92	37	0	2	0	0	0	396	12	60	434	10	41	2404	39	274	
44	853	7	79	14	0	0	670	10	92	37	0	2	0	0	0	396	12	60	434	10	41	2404	39	274	
45	853	7	79	14	0	0	670	10	92	37	0	2	0	0	0	396	12	60	434	10	41	2404	39	274	
46	853	7	79	14	0	0	670	10	92	37	0	2	0	0	0	396	12	60	434	10	41	2404	39	274	
47	853	7	79	14	0	0	670	10	92	37	0	2	0	0	0	396	12	60	434	10	41	2404	39	274	
48	853	7	79	14	0	0	670	10	92	37	0	2	0	0	0	396	12	60	434	10	41	2404	39	274	
49	853	7	79	14	0	0	670	10	92	37	0	2	0	0	0	396	12	60	434	10	41	2404	39	274	
50	853	7	79	14	0	0	670	10	92	37	0	2	0	0	0	396	12	60	434	10	41	2404	39	274	
51	853	7	79	14	0	0	670	10	92	37	0	2	0	0	0	396	12	60	434	10	41	2404	39	274	
52	853	7	79	14	0	0	670	10	92	37	0	2	0	0	0	396	12	60	434	10	41	2404	39	274	
53	853	7	79	14	0	0	670	10	92	37	0	2	0	0	0	396	12	60	434	10	41	2404	39	274	
54	853	7	79	14	0	0	670	10	92	37	0	2	0	0	0	396	12	60	434	10	41	2404	39	274	
55	853	7	79	14	0	0	670	10	92	37	0	2	0	0	0	396	12	60	434	10	41	2404	39	274	
56	853	7	79	14	0	0	670	10	92	37	0	2	0	0	0	396	12	60	434	10	41	2404	39	274	
57	853	7	79	14	0	0	670	10	92	37	0	2	0	0	0	396	12	60	434	10	41	2404	39	274	
58	853	7	79	14	0	0	670	10	92	37	0	2	0	0	0	396	12	60	434	10	41	2404	39	274	
59	853	7	79	14	0	0	670	10	92	37	0	2	0	0	0	396	12	60	434	10	41	2404	39	274	
60	853	7	79	14	0	0	670	10	92	37	0	2	0	0	0	396	12	60	434	10	41	2404	39	274	
61	853	7	79	14	0	0	680	10	93	37	0	2	0	0	0	396	12	60	448	10	43	2428	39	277	
62	761	7	74	14	0	0	647	10	92	37	0	2	0	0	0	396	12	60	463	10	44	2318	39	272	
63	761	7	74	14	0	0	647	10	92	37	0	2	0	0	0	347	12	60	463	10	44	2269	39	272	
64	761	7	74	14	0	0	647	10	92	37	0	2	0	0	0	347	12	60	463	10	44	2269	39	272	
65	761	7	74	14	0	0	647	10	92	37	0	2	0	0	0	347	12	60	463	10	44	2269	39	272	
66	746	8	72	50	0	4	675	12	97	142	0	24	0	0	0	487	16	85	552	11	60	2652	47	342	
67	746	8	72	50	0	4	675	12	97	142	0	24	0	0	0	487	16	85	552	11	60	2652	47	342	
68	746	8	72	50	0	4	675	12	97	142	0	24	0	0	0	487	16	85	552	11	60	2652	47	342	
69	746	8	72	50	0	4	675	12	97	142	0	24	0	0	0	487	16	85	552	11	60	2652	47	342	
70	746	8	72	50	0	4	675	12	97	142	0	24	24	1	1	487	16	85	552	11	60	2676	48	343	
71	746	8	72	50	0	4	675	12	97	142	0	24	29	1	1	487	16	85	552	11	60	2681	48	343	
72	746	8	72	50	0	4	675	12	97	142	0	24	29	1	1	487	16	85	552	11	60	2681	48	343	
73	746	8	72	50	0	4	675	12	97	142	0	24	29	1	1	184	14	75	518	11	60	2344	46	333	
74	746	8	72	50	0	4	675	12	97	142	0	24	29	1	1	184	14	75	518	11	60	2344	46	333	
75	746	8	72	50	0	4	675	12	97	142	0	24	29	1	1	184	14	75	518	11	60	2344	46	333	
76	746	8	72	50	0	4	687	12	97	149	0	24	29	1	1	184	14	75	531	11	61	2376	46	334	
77	746	8	72	50	0	4	687	12	97	149	0	24	29	1	1	184	14	75	531	11	61	2376	46	334	
78	777	8	76	50	0	4	689	12	97	151	0	24	28	1	1	184	14	75	531	11	61	2410	46	338	
79	778	8	76	50	0	4	689	12	97	149	0	24	28	1	1	184	14	75	531	11	61	2409	46	338	
80	778	8	76	50	0	4	689	12	97	149	0	24	28	1	1	184	14	75	531	11	61	2409	46	338	
81	778	8	76	50	0	4	689	12	97	149	0	24	28	1	1	200	14	77	531	11	61	2425	46	340	
82	776	8	76	50	0	4	592	12	97	149	0	24	21	1	1	219	14	77	531	11	61	2338	46	340	
83	781	8	77	84	0	6	592	12	97	149	0	24	21	1	1	301	14	86	532	11	61	2460	46	352	
84	781	8	77	84	0	6	592	12	97	149	0	24	21	1	1	301	14	86	532	11	61	2460	46	352	
85	781	8	77	84	0	6	592	12	97	149	0	24	21	1	1	301	14	86	532	11	61	2460	46	352	
86	781	8	77	84	0	6	592	12	97	149	1	24	21	1	1	301	14	86	532	11	61	2460	47	352	
87	772	8	77	84	0	6	580	12	97	149	1	24	21	1	1	345	14	89	530	11	62	2481	47	356	
88	772	8	77	84	0	6	580	12	97	149	1	24	21	1	1	345	14	89	530	11	62	2481	47	356	
89	780	9	79	86	0	6	585	12	98	149	1	24	21	1	1	352	15	89	530	11	63	2503	49	360	
90	780	9	79	86	0	6	627	18	100	149	1	24	21	1	1	352	15	89	713	17	67	2728	61	366	
91	780	9	79	86	0	6	627	18	100	149	1	24	21	1	1	352	15	89	713	17	67	2728	61	366	
92	780	9	79	86	0	6	627	18	100	149	1	24	21	1	1	352	15	89	713	17	67	2728	61	366	
93	780	9	79	86	0	6	620	18	99	149	1	24	21	1	1	414	15	93	765	17	70	2835	61	372	
94	780	9	79	86	0	6	620	18	99	149	1	24	21	1	1	409	15	93	765	17	70	2830	61	372	
95	853	10	87	88	0	6	623	18	99	149	1	24	21	1	1	415	16	93	765	17	70	2914	63	380	
96	849	10	87	88	0	6	623	18	99	149	1	24	21	1	1	451	16	88	765	17	70	2946	63	375	
97	849	10	87	88	0	6	623	18	99	149	1	24	21	1	1	459	16	88	765	17	70	2954	63	375	
98	849	10	87	89	0	6	623	18	99	154	1	25	21	1	1	467	16	89	765	17	70	2968	63	377	
99	847	10	87	89	0	6	623	18	99	167	1	26	21	1	1	467	16	89	765	17	70	2979	63	378	
100	858	10	88	167	0	12	606	18	99	167	1	26	21	1	1	467	16	89	765	17	70	3051	63	385	
101	879	10	90	167	0	12	606	18	99	167	1	26	21	1	1	467	16	89	765	17	70	3072	63	387	
102	891	10	90	194	0	17	624	18	105	181	2	27	21	1	1	513	16	92	765	17	70	3189	64	402	
103	876	10	90	202	0	18	658	18	109	182	2	27	21	1	1	509	16	92	751	17	70	3199	64	407	
104	874	10	90	202	0	18	661	18	110	182	2	27	21	1	1	647	16	94	751	17	70	3338	64	410	
105	920	9	90	200	0	18	670	18	113	182	2	27	21	1	1	641	15	94	751	17	70	3385	62	413	
106	947	9	92	200	0	18	670	18	113	182	2	27	21	1	1	641	15	94	751	17	70	3412	62	415	
107	946	9	92	200	0	18	670	18	113	182	2	27	21	1	1	641	15	94	751	17	70	3411	62	415	
108	946	9	92	200	0	18	659	18	114	182	2	27	21	1	1	641	15	94	751	17	70	3400	62	416	
109	946	9	92	200	0	18	658	18	114	182	2	27	21	1	1	641	15	94	751	17	70	3399	62	416	
110	946	9	92	200	0	18	686	18	115	182	2	27	21	1	1	641	15	94	755	17	71	3431	62	418	
111	947	9	92	200	0	18	696	18	115	182	2	27	21	1	1	649	15	94	755	17	71	3450	62	418	
112	957	9	93	210	0	19	696	18	115	182	2	27	21	1	1	652	15	94	755	17	71	3473	62	420	
113	957	9	93	210	0	19	710	18	115	182	2	27	21	1	1	652	15	94	755	17	71	3487	62	420	
114	957	9	93	210	0	19	719	18	116	182	2	27	21	1	1	652	15	94	768	17	71	3509	62	421	
115	957	9	93	210	0	19	719	18	116	182	2	27	21	1	1	652	15	94	773	17	71	3514	62	421	
116	957	9	93	210	0	19	766	18	116	182	2	27	21	1	1	652	15	94	793	17	72	3581	62	422	
117	953	9	93	210	0	19	779	18	118	182	2	27	21	1	1	654	15	95	838	17	75	3637	62	428	
118	953	9	93	210	0	19	779	18	118	182	2	27	21	1	1	654	15	95	837	17	75	3636	62	428	
119	953	9	93	210	0	19	781	18	118	182	2	27	21	1	1	654	15	95	838	17	75	3639	62	428	
120	953	9	93	210	0	19	781	18	118	182	2	27	21	1	1	654	15	95	838	17	75	3639	62	428	
121	953	9	93	210	0	19	781	18	118	182	2	27	21	1	1	654	15	95	837	17	75	3638	62	428	
122	953	9	93	210	0	19	781	18	118	182	2	27	21	1	1	654	15	95	840	17	75	3641	62	428	
123	947	9	93	210	0	19	782	18	118	182	2	27	21	1	1	678	15	98	848	17	76	3668	62	432	
124	947	9	93	210	0	19	782	18	118	182	2	27	21	1	1	681	15	98	848	17	76	3671	62	432	
125	947	9	93	210	0	19	779	18	117	182	2	27	21	1	1	681	15	98	848	17	76	3668	62	431	
126	926	9	90	210	0	19	777	18	116	182	2	27	21	1	1	681	15	98	848	17	76	3645	62	427	
127	918	9	90	210	0	19	787	18	118	182	2	27	21	1	1	681	15	98	848	17	76	3647	62	429	
128	918	9	90	210	0	19	787	18	118	182	2	27	21	1	1	681	15	98	848	17	76	3647	62	429	
129	922	9	91	210	0	19	787	18	118	182	2	27	21	1	1	681	15	98	848	17	76	3651	62	430	
130	922	9	91	210	0	19	787	18	118	182	2	27	21	1	1	681	15	98	848	17	76	3651	62	430	
131	914	9	91	210	0	19	787	18	118	182	2	27	21	1	1	681	15	98	848	17	76	3643	62	430	
132	914	9	91	210	0	19	787	18	118	182	2	27	21	1	1	681	15	98	848	17	76	3643	62	430	
133	914	9	91	210	0	19	787	18	118	182	2	27	21	1	1	681	15	98	848	17	76	3643	62	430	
134	914	9	91	210	0	19	787	18	118	182	2	27	21	1	1	681	15	98	848	17	76	3643	62	430	
135	914	9	91	210	0	19	787	18	118	182	2	27	21	1	1	681	15	98	848	17	76	3643	62	430	
136	926	9	91	216	0	20	826	18	123	182	2	27	21	1	1	681	15	98	848	17	76	3700	62	436	
137	926	9	91	216	0	20	826	18	123	182	2	27	21	1	1	681	15	98	848	17	76	3700	62	436	
138	926	9	91	216	0	20	826	18	123	182	2	27	21	1	1	681	15	98	848	17	76	3700	62	436	
139	926	9	91	216	0	20	826	18	123	182	2	27	21	1	1	681	15	98	848	17	76	3700	62	436	
140	926	9	91	216	0	20	826	18	123	182	2	27	21	1	1	681	15	98	848	17	76	3700	62	436	
141	926	9	91	216	0	20	826	18	123	182	2	27	21	1	1	681	15	98	848	17	76	3700	62	436	
142	926	9	91	216	0	20	826	18	123	182	2	27	21	1	1	681	15	98	848	17	76	3700	62	436	
143	926	9	91	216	0	20	826	18	123	182	2	27	21	1	1	681	15	98	848	17	76	3700	62	436	
144	926	9	91	216	0	20	826	18	123	182	2	27	21	1	1	681	15	98	848	17	76	3700	62	436	
145	926	9	91	216	0	20	826	18	123	182	2	27	21	1	1	681	15	98	848	17	76	3700	62	436	
146	926	9	91	216	0	20	826	18	123	182	2	27	21	1	1	681	15	98	848	17	76	3700	62	436	
147	926	9	91	216	0	20	826	18	123	182	2	27	21	1	1	681	15	98	848	17	76	3700	62	436	
148	926	9	91	216	0	20	826	18	123	182	2	27	21	1	1	681	15	98	848	17	76	3700	62	436	
149	926	9	91	216	0	20	826	18	123	182	2	27	21	1	1	681	15	98	848	17	76	3700	62	436	
150	926	9	91	216	0	20	826	18	123	182	2	27	21	1	1	681	15	98	848	17	76	3700	62	436	
151	926	9	91	216	0	20	826	18	123	182	2	27	21	1	1	681	15	98	848	17	76	3700	62	436	
152	926	9	91	216	0	20	826	18	123	182	2	27	21	1	1	681	15	98	848	17	76	3700	62	436	
153	926	9	91	216	0	20	826	18	123	182	2	27	21	1	1	681	15	98	848	17	76	3700	62	436	
154	926	9	91	216	0	20	854	18	124	182	2	27	21	1	1	681	15	98	924	17	78	3804	62	439	
155	926	9	91	216	0	20	854	18	124	182	2	27	21	1	1	697	15	99	924	17	78	3820	62	440	
156	926	9	91	216	0	20	854	18	124	182	2	27	21	1	1	697	15	99	924	17	78	3820	62	440	
157	926	9	91	216	0	20	854	18	124	182	2	27	21	1	1	697	15	99	924	17	78	3820	62	440	
158	926	9	91	216	0	20	854	18	124	182	2	27	21	1	1	697	15	99	924	17	78	3820	62	440	
159	926	9	91	216	0	20	854	18	124	182	2	27	21	1	1	697	15	99	924	17	78	3820	62	440	
160	926	9	91	216	0	20	854	18	124	182	2	27	21	1	1	697	15	99	924	17	78	3820	62	440	
161	926	9	91	216	0	20	854	18	124	182	2	27	21	1	1	697	15	99	924	17	78	3820	62	440	
162	926	9	91	216	0	20	854	18	124	182	2	27	21	1	1	697	15	99	924	17	78	3820	62	440	
163	926	9	91	216	0	20	854	18	124	182	2	27	21	1	1	697	15	99	924	17	78	3820	62	440	
164	926	9	91	216	0	20	854	18	124	182	2	27	21	1	1	697	15	99	924	17	78	3820	62	440	
165	926	9	91	216	0	20	854	18	124	182	2	27	21	1	1	697	15	99	924	17	78	3820	62	440	
166	926	9	91	216	0	20	854	18	124	182	2	27	21	1	1	697	15	99	924	17	78	3820	62	440	
167	926	9	91	216	0	20	854	18	124	182	2	27	21	1	1	697	15	99	924	17	78	3820	62	440	
168	926	9	91	216	0	20	856	18	124	182	2	27	21	1	1	697	15	99	924	17	78	3822	62	440	
169	930	9	91	216	0	20	882	18	127	182	2	27	21	1	1	701	15	99	929	17	79	3861	62	444	
170	930	9	91	216	0	20	882	18	127	182	2	27	21	1	1	701	15	99	929	17	79	3861	62	444	
171	930	9	91	216	0	20	882	18	127	182	2	27	21	1	1	701	15	99	929	17	79	3861	62	444	
172	930	9	91	216	0	20	882	18	127	182	2	27	21	1	1	701	15	99	929	17	79	3861	62	444	
173	930	9	91	216	0	20	882	18	127	182	2	27	21	1	1	701	15	99	929	17	79	3861	62	444	
174	930	9	91	216	0	20	882	18	127	182	2	27	21	1	1	701	15	99	929	17	79	3861	62	444	
175	930	9	91	216	0	20	882	18	127	182	2	27	21	1	1	701	15	99	929	17	79	3861	62	444	
176	930	9	91	216	0	20	882	18	127	182	2	27	21	1	1	701	15	99	929	17	79	3861	62	444	
177	930	9	91	216	0	20	886	18	128	182	2	27	21	1	1	701	15	99	929	17	79	3865	62	445	
178	848	9	93	216	0	20	886	18	128	182	2	27	21	1	1	701	15	99	929	17	79	3783	62	447	
179	848	9	93	216	0	20	884	18	128	182	2	27	21	1	1	701	15	99	929	17	79	3781	62	447	
180	875	9	96	216	0	20	884	18	128	182	2	27	21	1	1	701	15	99	929	17	79	3808	62	450	
181	861	9	94	216	0	20	884	18	128	182	2	27	21	1	1	701	15	99	929	17	79	3794	62	448	
182	864	9	94	216	0	20	884	18	128	182	2	27	21	1	1	701	15	99	929	17	79	3797	62	448	
183	877	9	95	227	0	22	884	18	128	182	2	27	21	1	1	701	15	99	929	17	79	3821	62	451	
184	837	9	94	222	0	22	957	19	131	182	2	27	21	1	1	701	15	99	929	17	79	3849	63	453	
185	837	9	94	222	0	22	884	18	128	182	2	27	21	1	1	701	15	99	929	17	79	3776	62	450	
186	837	9	94	223	0	22	884	18	128	254	3	30	21	1	1	701	15	99	929	17	79	3849	63	453	
187	837	9	94	232	0	22	884	18	128	254	3	30	21	1	1	701	15	99	929	17	79	3858	63	453	
188	837	9	94	232	0	22	884	18	128	254	3	30	21	1	1	701	15	99	929	17	79	3858	63	453	
189	837	9	94	232	0	22	884	18	128	254	3	30	21	1	1	701	15	99	929	17	79	3858	63	453	
190	837	9	94	232	0	22	884	18	128	254	3	30	21	1	1	701	15	99	929	17	79	3858	63	453	
191	837	9	94	232	0	22	884	18	128	254	3	30	21	1	1	701	15	99	929	17	79	3858	63	453	
192	837	9	94	232	0	22	884	18	128	254	3	30	21	1	1	701	15	99	929	17	79	3858	63	453	
193	866	9	95	232	0	22	884	18	128	254	3	30	21	1	1	701	15	99	929	17	79	3887	63	454	
194	866	9	95	232	0	22	884	18	128	254	3	30	21	1	1	701	15	99	929	17	79	3887	63	454	
195	857	9	95	232	0	22	884	18	128	254	3	30	21	1	1	722	15	94	929	17	79	3899	63	449	
196	857	9	95	232	0	22	884	18	128	254	3	30	21	1	1	759	15	96	929	17	79	3936	63	451	
197	857	9	95	232	0	22	884	18	128	254	3	30	21	1	1	759	15	96	929	17	79	3936	63	451	
198	857	9	95	232	0	22	884	18	128	254	3	30	21	1	1	759	15	96	929	17	79	3936	63	451	
199	857	9	95	232	0	22	884	18	128	254	3	30	21	1	1	759	15	96	929	17	79	3936	63	451	
200	857	9	95	232	0	22	884	18	128	254	3	30	21	1	1	759	15	96	929	17	79	3936	63	451	
201	872	9	95	232	0	22	884	18	128	278	4	32	21	1	1	759	15	96	929	17	79	3975	64	453	
202	872	9	95	232	0	22	884	18	128	278	4	32	21	1	1	759	15	96	929	17	79	3975	64	453	
203	872	9	95	232	0	22	907	18	129	278	4	32	21	1	1	759	15	96	975	17	82	4044	64	457	
204	872	9	95	252	0	24	960	18	130	278	4	32	21	1	1	759	15	96	1058	17	83	4200	64	461	
205	872	9	95	252	0	24	960	18	130	278	4	32	21	1	1	759	15	96	1058	17	83	4200	64	461	
206	872	9	95	252	0	24	960	18	130	278	4	32	21	1	1	759	15	96	1058	17	83	4200	64	461	
207	872	9	95	252	0	24	960	18	130	278	4	32	21	1	1	759	15	96	1058	17	83	4200	64	461	
208	872	9	95	252	0	24	960	18	130	278	4	32	21	1	1	759	15	96	1058	17	83	4200	64	461	
209	872	9	95	252	0	24	960	18	130	278	4	32	21	1	1	759	15	96	1058	17	83	4200	64	461	
210	872	9	95	252	0	24	960	18	130	278	4	32	21	1	1	759	15	96	1058	17	83	4200	64	461	
211	872	9	95	252	0	24	960	18	130	278	4	32	21	1	1	759	15	96	1058	17	83	4200	64	461	
212	872	9	95	252	0	24	960	18	130	278	4	32	21	1	1	759	15	96	1058	17	83	4200	64	461	
213	872	9	95	252	0	24	960	18	130	278	4	32	21	1	1	770	15	96	1058	17	83	4211	64	461	
214	872	9	95	252	0	24	965	18	130	278	4	32	21	1	1	770	15	96	1117	17	89	4275	64	467	
215	872	9	95	252	0	24	966	18	130	278	4	32	21	1	1	770	15	96	1182	17	91	4341	64	469	
226	957	9	101	252	0	24	903	18	118	351	4	40	39	2	2	817	15	99	1297	19	101	4616	67	485	
227	981	10	101	254	0	24	919	18	121	351	4	40	39	2	2	823	16	99	1325	19	104	4692	69	491	
228	986	10	101	254	0	24	932	18	109	351	4	40	39	2	2	823	16	99	1325	19	104	4710	69	479	
229	986	10	101	254	0	24	932	18	109	351	4	40	39	2	2	823	16	99	1325	19	104	4710	69	479	
230	986	10	101	254	0	24	932	18	109	351	4	40	39	2	2	823	16	99	1325	19	104	4710	69	479	
231	986	10	101	254	0	24	932	18	109	351	4	40	39	2	2	823	16	99	1325	19	104	4710	69	479	
232	986	10	101	254	0	24	932	18	109	351	4	40	39	2	2	823	16	99	1325	19	104	4710	69	479	
233	986	10	101	254	0	24	932	18	109	351	4	40	39	2	2	823	16	99	1325	19	104	4710	69	479	
234	986	10	101	254	0	24	932	18	109	351	4	40	39	2	2	823	16	99	1325	19	104	4710	69	479	
235	986	10	101	254	0	24	932	18	109	351	4	40	39	2	2	823	16	99	1325	19	104	4710	69	479	
236	984	9	101	254	0	24	932	18	109	351	4	40	39	2	2	817	15	99	1325	19	104	4702	67	479	
237	984	9	101	254	0	24	932	18	109	351	4	40	39	2	2	817	15	99	1325	19	104	4702	67	479	
238	984	9	101	257	0	25	937	18	109	351	4	40	39	2	2	817	15	99	1331	19	105	4716	67	481	
239	984	9	101	257	0	25	898	18	107	393	4	42	39	2	2	833	15	99	1306	19	104	4710	67	480	
240	984	9	101	257	0	25	856	17	104	435	5	45	39	2	2	833	15	99	1306	19	104	4710	67	480	
241	984	9	101	257	0	25	862	17	104	435	5	45	39	2	2	833	15	99	1342	19	106	4752	67	482	
242	940	9	100	257	0	25	896	17	111	435	5	45	39	2	2	861	15	100	1373	19	110	4801	67	493	
243	940	9	100	257	0	25	896	17	111	435	5	45	39	2	2	861	15	100	1373	19	110	4801	67	493	
244	963	9	100	257	0	25	896	17	111	435	5	45	39	2	2	861	15	100	1373	19	110	4824	67	493	
245	963	9	100	257	0	25	921	17	112	435	5	45	39	2	2	861	15	100	1377	19	112	4853	67	496	
246	999	9	100	257	0	25	928	17	114	435	5	45	39	2	2	859	15	100	1379	19	112	4896	67	498	
247	999	9	100	257	0	25	928	17	114	435	5	45	39	2	2	859	15	100	1379	19	112	4896	67	498	
248	999	9	100	257	0	25	928	17	114	435	5	45	39	2	2	859	15	100	1379	19	112	4896	67	498	
249	999	9	100	257	0	25	928	17	114	435	5	45	39	2	2	859	15	100	1379	19	112	4896	67	498	
250	999	9	100	257	0	25	928	17	114	435	5	45	39	2	2	859	15	100	1379	19	112	4896	67	498	
251	999	9	100	257	0	25	928	17	114	435	5	45	39	2	2	859	15	100	1379	19	112	4896	67	498	
252	999	9	100	257	0	25	928	17	114	435	5	45	39	2	2	859	15	100	1379	19	112	4896	67	498	
253	938	8	88	257	0	25	928	17	114	435	5	45	39	2	2	849	13	90	1379	19	112	4825	64	476	
254	938	8	88	257	0	25	928	17	114	435	5	45	39	2	2	849	13	90	1379	19	112	4825	64	476	
255	938	8	88	257	0	25	928	17	114	435	5	45	39	2	2	849	13	90	1379	19	112	4825	64	476	
256	938	8	88	257	0	25	928	17	114	435	5	45	39	2	2	849	13	90	1379	19	112	4825	64	476	
257	938	8	88	257	0	25	928	17	114	435	5	45	39	2	2	849	13	90	1379	19	112	4825	64	476	
258	938	8	88	257	0	25	928	17	114	435	5	45	39	2	2	849	13	90	1379	19	112	4825	64	476	
259	938	8	88	257	0	25	928	17	114	435	5	45	39	2	2	849	13	90	1379	19	112	4825	64	476	
260	938	8	88	257	0	25	928	17	114	435	5	45	39	2	2	849	13	90	1379	19	112	4825	64	476	
261	938	8	88	257	0	25	928	17	114	435	5	45	39	2	2	849	13	90	1379	19	112	4825	64	476	
262	938	8	88	257	0	25	928	17	114	435	5	45	39	2	2	849	13	90	1379	19	112	4825	64	476	
263	938	8	88	257	0	25	928	17	114	435	5	45	39	2	2	849	13	90	1379	19	112	4825	64	476	
264	938	8	88	257	0	25	928	17	114	435	5	45	39	2	2	849	13	90	1379	19	112	4825	64	476	
265	938	8	88	257	0	25	928	17	114	435	5	45	39	2	2	849	13	90	1379	19	112	4825	64	476	
266	946	8	87	257	0	25	928	17	114	435	5	45	39	2	2	849	13	90	1379	19	112	4833	64	475	
267	946	8	87	257	0	25	928	17	114	435	5	45	39	2	2	849	13	90	1379	19	112	4833	64	475	
268	946	8	87	257	0	25	936	17	114	435	5	45	39	2	2	849	13	90	1393	19	113	4855	64	476	
269	946	8	87	257	0	25	936	17	114	435	5	45	39	2	2	849	13	90	1393	19	113	4855	64	476	
270	946	8	87	257	0	25	936	17	114	435	5	45	39	2	2	849	13	90	1393	19	113	4855	64	476	
271	946	8	87	257	0	25	936	17	114	435	5	45	39	2	2	849	13	90	1393	19	113	4855	64	476	
272	946	8	87	257	0	25	936	17	114	435	5	45	39	2	2	849	13	90	1393	19	113	4855	64	476	
273	946	8	87	257	0	25	936	17	114	435	5	45	39	2	2	849	13	90	1393	19	113	4855	64	476	
274	960	8	87	257	0	25	936	17	114	435	5	45	39	2	2	849	13	90	1393	19	113	4869	64	476	
275	960	8	87	257	0	25	936	17	114	435	5	45	39	2	2	849	13	90	1393	19	113	4869	64	476	
276	960	8	86	257	0	25	936	17	114	435	5	45	39	2	2	830	13	90	1393	19	113	4850	64	475	
277	960	8	86	260	0	26	936	17	114	435	5	45	39	2	2	833	13	90	1393	19	113	4856	64	476	
278	966	8	86	260	0	26	936	17	114	435	5	45	39	2	2	833	13	90	1393	19	113	4862	64	476	
279	960	8	85	260	0	26	924	17	112	435	5	45	39	2	2	833	13	90	1422	19	116	4873	64	476	
280	946	8	84	260	0	26	927	17	112	435	5	45	39	2	2	850	13	90	1461	19	118	4918	64	477	
281	946	8	84	260	0	26	927	17	112	435	5	45	39	2	2	864	13	90	1461	19	118	4932	64	477	
282	946	8	84	260	0	26	930	17	113	435	5	45	39	2	2	883	13	90	1465	19	119	4958	64	479	
283	946	8	84	260	0	26	930	17	113	435	5	45	39	2	2	883	13	90	1465	19	119	4958	64	479	
284	946	8	84	260	0	26	930	17	113	435	5	45	39	2	2	883	13	90	1465	19	119	4958	64	479	
285	959	8	85	260	0	26	930	17	113	435	5	45	39	2	2	883	13	90	1465	19	119	4971	64	480	
286	962	8	85	260	0	26	930	17	113	435	5	45	39	2	2	883	13	90	1465	19	119	4974	64	480	
287	962	8	85	260	0	26	930	17	113	435	5	45	39	2	2	899	13	90	1465	19	119	4990	64	480	
288	962	8	85	260	0	26	930	17	113	435	5	45	39	2	2	931	13	91	1465	19	119	5022	64	481	
289	962	8	85	260	0	26	930	17	113	435	5	45	39	2	2	960	13	93	1465	19	119	5051	64	483	
290	962	8	85	260	0	26	930	17	113	435	5	45	39	2	2	995	13	94	1465	19	119	5086	64	484	
291	968	8	85	260	0	26	943	17	115	435	5	45	39	2	2	1003	13	94	1474	19	121	5122	64	488	
292	969	8	85	260	0	26	943	17	115	435	5	45	39	2	2	1005	13	94	1474	19	121	5125	64	488	
293	969	8	85	260	0	26	932	17	114	435	5	45	39	2	2	1005	13	94	1507	19	122	5147	64	488	
294	977	8	85	302	0	28	944	17	114	435	5	45	39	2	2	1005	13	94	1547	19	124	5249	64	492	
295	1009	8	85	302	0	28	944	17	114	435	5	45	39	2	2	1005	13	94	1547	19	124	5281	64	492	
296	1012	8	85	302	0	28	944	17	114	435	5	45	39	2	2	1005	13	94	1547	19	124	5284	64	492	
297	1012	8	85	302	0	28	944	17	114	435	5	45	39	2	2	1005	13	94	1547	19	124	5284	64	492	
298	1012	8	85	302	0	28	944	17	114	435	5	45	39	2	2	1005	13	94	1547	19	124	5284	64	492	
299	1018	8	85	302	0	28	943	17	114	435	5	45	39	2	2	1005	13	94	1582	19	125	5324	64	493	
300	1024	8	85	302	0	28	945	17	114	435	5	45	39	2	2	1005	13	94	1582	19	125	5332	64	493	
301	1024	8	85	302	0	28	945	17	114	435	5	45	39	2	2	1005	13	94	1582	19	125	5332	64	493	
302	1024	8	85	302	0	28	945	17	114	435	5	45	39	2	2	1005	13	94	1582	19	125	5332	64	493	
303	1024	8	85	302	0	28	945	17	114	435	5	45	39	2	2	1005	13	94	1582	19	125	5332	64	493	
304	1024	8	85	302	0	28	945	17	114	435	5	45	39	2	2	1005	13	94	1582	19	125	5332	64	493	
305	1024	8	85	302	0	28	945	17	114	435	5	45	39	2	2	1005	13	94	1582	19	125	5332	64	493	
306	1024	8	85	302	0	28	945	17	114	435	5	45	39	2	2	1005	13	94	1582	19	125	5332	64	493	
307	1024	8	85	302	0	28	945	17	114	435	5	45	39	2	2	1005	13	94	1582	19	125	5332	64	493	
308	1024	8	85	302	0	28	945	17	114	435	5	45	39	2	2	1005	13	94	1582	19	125	5332	64	493	
309	1024	8	85	302	0	28	945	17	114	435	5	45	39	2	2	1005	13	94	1582	19	125	5332	64	493	
310	1024	8	85	302	0	28	945	17	114	435	5	45	39	2	2	1005	13	94	1582	19	125	5332	64	493	
311	1024	8	85	302	0	28	945	17	114	435	5	45	39	2	2	1005	13	94	1582	19	125	5332	64	493	
312	1024	8	85	302	0	28	945	17	114	435	5	45	39	2	2	1005	13	94	1582	19	125	5332	64	493	
313	1024	8	85	302	0	28	945	17	114	435	5	45	39	2	2	1005	13	94	1582	19	125	5332	64	493	
314	1024	8	85	302	0	28	945	17	114	435	5	45	39	2	2	1005	13	94	1582	19	125	5332	64	493	
315	1024	8	85	302	0	28	945	17	114	435	5	45	39	2	2	1005	13	94	1582	19	125	5332	64	493	
316	1024	8	85	302	0	28	945	17	114	435	5	45	39	2	2	1005	13	94	1582	19	125	5332	64	493	
317	1024	8	85	302	0	28	945	17	114	435	5	45	39	2	2	1005	13	94	1582	19	125	5332	64	493	
318	1024	8	85	302	0	28	945	17	114	435	5	45	39	2	2	1005	13	94	1582	19	125	5332	64	493	
319	1031	8	85	302	0	28	959	17	116	435	5	45	39	2	2	1005	13	94	1603	20	126	5374	65	496	
320	1031	8	85	302	0	28	959	17	116	435	5	45	39	2	2	1005	13	94	1603	20	126	5374	65	496	
321	1031	8	85	302	0	28	959	17	116	435	5	45	39	2	2	1005	13	94	1603	20	126	5374	65	496	
322	1031	8	85	302	0	28	959	17	116	435	5	45	39	2	2	1005	13	94	1603	20	126	5374	65	496	
323	1031	8	85	302	0	28	959	17	116	435	5	45	39	2	2	1005	13	94	1603	20	126	5374	65	496	
324	1093	9	92	304	0	28	961	17	116	435	5	45	39	2	2	1033	14	95	1603	20	126	5468	67	504	
325	1093	9	92	304	0	28	961	17	116	435	5	45	39	2	2	1033	14	95	1603	20	126	5468	67	504	
326	1093	9	92	304	0	28	961	17	116	435	5	45	39	2	2	1033	14	95	1603	20	126	5468	67	504	
327	1093	9	92	304	0	28	973	18	118	435	5	45	39	2	2	1033	14	95	1656	21	128	5533	69	508	
328	1093	9	92	304	0	28	973	18	118	461	6	47	39	2	2	1033	14	95	1704	22	130	5607	71	512	
329	1095	9	92	304	0	28	973	18	118	461	6	47	39	2	2	1067	14	96	1704	22	130	5643	71	513	
330	1095	9	92	304	0	28	989	18	121	461	6	47	39	2	2	1067	14	96	1724	22	132	5679	71	518	
331	1102	9	93	304	0	28	1007	18	123	496	6	47	39	2	2	1067	14	96	1724	22	132	5739	71	521	
332	1102	9	93	304	0	28	1036	18	127	496	6	47	39	2	2	1067	14	96	1797	23	141	5841	72	534	
333	1140	12	98	321	0	29	1034	18	125	496	6	47	39	2	2	1108	17	97	1797	23	141	5935	78	539	
334	1141	12	98	321	0	29	1036	18	125	496	6	47	39	2	2	1108	17	97	1797	23	141	5938	78	539	
335	1157	12	98	321	0	29	1049	19	126	496	6	47	39	2	2	1108	17	97	1802	24	141	5972	80	540	
336	1174	12	99	321	0	29	1049	19	126	496	6	47	39	2	2	1108	17	97	1802	24	141	5989	80	541	
337	1174	12	99	321	0	29	1049	19	126	496	6	47	39	2	2	1108	17	97	1905	24	146	6092	80	546	
338	1174	12	99	321	0	29	1050	19	126	496	6	47	39	2	2	1108	17	97	1905	24	146	6093	80	546	
339	1174	12	99	321	0	29	1076	19	126	496	6	47	39	2	2	1108	17	97	1905	24	146	6119	80	546	
340	1174	12	99	321	0	29	1076	19	126	496	6	47	39	2	2	1108	17	97	1905	24	146	6119	80	546	
341	1174	12	99	321	0	29	1076	19	126	496	6	47	39	2	2	1108	17	97	1905	24	146	6119	80	546	
342	1174	12	99	321	0	29	1076	19	126	496	6	47	39	2	2	1108	17	97	1905	24	146	6119	80	546	
343	1174	12	99	321	0	29	1082	19	126	496	6	47	39	2	2	1108	17	97	1905	24	146	6125	80	546	
344	1174	12	99	321	0	29	1082	19	126	496	6	47	39	2	2	1112	17	97	1905	24	146	6129	80	546	
345	1181	12	99	321	0	29	1082	19	126	496	6	47	39	2	2	1134	17	101	1905	24	146	6158	80	550	
346	1181	12	99	321	0	29	1082	19	126	496	6	47	39	2	2	1179	17	102	1905	24	146	6203	80	551	
347	1218	18	102	333	0	29	1082	19	126	496	6	47	39	2	2	1217	23	103	1905	24	146	6290	92	555	
348	1217	18	102	333	0	29	1082	19	126	496	6	47	39	2	2	1217	23	103	1905	24	146	6289	92	555	
349	979	18	94	333	0	29	1333	20	137	496	6	47	39	2	2	1217	23	103	1911	25	146	6308	94	558	
350	979	18	94	344	0	29	1333	20	137	496	6	47	39	2	2	1217	23	103	1911	25	146	6319	94	558	
351	981	18	94	344	0	29	1333	20	137	495	6	47	39	2	2	1217	23	103	1911	25	146	6320	94	558	
352	987	18	95	350	0	30	1333	20	137	495	6	47	39	2	2	1217	23	103	1911	25	146	6332	94	560	
353	987	18	95	350	0	30	1337	20	139	495	6	47	39	2	2	1217	23	103	1981	25	147	6406	94	563	
354	987	18	95	350	0	30	1338	20	139	536	7	53	39	2	2	1217	23	103	1981	25	147	6448	95	569	
355	1000	18	95	350	0	30	1338	20	139	592	11	58	39	2	2	1217	23	103	1995	26	149	6531	100	576	
356	1000	18	95	350	0	30	1338	20	139	609	12	59	39	2	2	1217	23	103	2004	26	149	6557	101	577	
357	1000	18	95	350	0	30	1363	20	144	640	12	61	39	2	2	1207	23	103	2004	26	149	6603	101	584	
358	1000	18	95	349	0	30	1363	20	144	640	12	61	39	2	2	1207	23	103	2004	26	149	6602	101	584	
359	1000	18	95	349	0	30	1371	20	145	640	12	61	39	2	2	1207	23	103	2004	26	149	6610	101	585	
360	1000	18	95	349	0	30	1371	20	145	640	12	61	39	2	2	1207	23	103	2004	26	149	6610	101	585	
361	1000	18	95	349	0	30	1371	20	145	640	12	61	39	2	2	1207	23	103	2004	26	149	6610	101	585	
362	1000	18	95	349	0	30	1371	20	145	640	12	61	39	2	2	1207	23	103	2004	26	149	6610	101	585	
363	1000	18	95	349	0	30	1371	20	145	640	12	61	39	2	2	1207	23	103	2004	26	149	6610	101	585	
364	1000	18	95	349	0	30	1371	20	145	640	12	61	39	2	2	1207	23	103	2004	26	149	6610	101	585	
365	1000	18	95	349	0	30	1371	20	145	640	12	61	39	2	2	1207	23	103	2004	26	149	6610	101	585	
366	1000	18	95	349	0	30	1371	20	145	640	12	61	39	2	2	1207	23	103	2004	26	149	6610	101	585	
367	1000	18	95	349	0	30	1371	20	145	640	12	61	39	2	2	1207	23	103	2004	26	149	6610	101	585	
368	1000	18	95	349	0	30	1371	20	145	640	12	61	39	2	2	1207	23	103	2004	26	149	6610	101	585	
369	1020	18	97	358	0	32	1421	20	152	656	12	62	39	2	2	1198	23	103	2032	26	152	6724	101	600	
370	1020	18	97	358	0	32	1421	20	152	656	12	62	39	2	2	1198	23	103	2032	26	152	6724	101	600	
371	1020	18	97	358	0	32	1421	20	152	656	12	62	39	2	2	1198	23	103	2032	26	152	6724	101	600	
372	1020	18	97	358	0	32	1421	20	152	656	12	62	39	2	2	1198	23	103	2032	26	152	6724	101	600	
373	1020	18	97	358	0	32	1421	20	152	656	12	62	39	2	2	1198	23	103	2032	26	152	6724	101	600	
374	1041	18	98	358	0	32	1428	20	154	656	12	62	39	2	2	1198	23	103	2044	26	152	6764	101	603	
375	1041	18	98	358	0	32	1433	20	155	661	12	62	39	2	2	1198	23	103	2056	26	153	6786	101	605	
376	1041	18	98	358	0	32	1433	20	155	661	12	62	39	2	2	1198	23	103	2056	26	153	6786	101	605	
377	1042	18	98	358	0	32	1443	20	157	679	13	64	39	2	2	1198	23	103	2107	28	157	6866	104	613	
378	1042	18	98	358	0	32	1443	20	157	679	13	64	39	2	2	1198	23	103	2107	28	157	6866	104	613	
379	1042	18	98	358	0	32	1443	20	157	679	13	64	39	2	2	1198	23	103	2107	28	157	6866	104	613	
380	1042	18	98	358	0	32	1443	20	157	679	13	64	39	2	2	1198	23	103	2107	28	157	6866	104	613	
381	1053	19	99	360	0	32	1448	20	157	679	13	64	39	2	2	1204	24	103	2107	28	157	6890	106	614	
382	1067	19	100	360	0	32	1454	20	157	679	13	64	39	2	2	1204	24	103	2107	28	157	6910	106	615	
383	1067	19	100	360	0	32	1454	20	157	679	13	64	39	2	2	1204	24	103	2107	28	157	6910	106	615	
384	1067	19	100	360	0	32	1454	20	157	679	13	64	39	2	2	1204	24	103	2107	28	157	6910	106	615	
385	1067	19	100	360	0	32	1454	20	157	679	13	64	39	2	2	1204	24	103	2107	28	157	6910	106	615	
386	1067	19	100	360	0	32	1454	20	157	679	13	64	39	2	2	1204	24	103	2107	28	157	6910	106	615	
387	1067	19	100	360	0	32	1454	20	157	679	13	64	39	2	2	1204	24	103	2107	28	157	6910	106	615	
388	1067	19	100	360	0	32	1454	20	157	679	13	64	39	2	2	1204	24	103	2107	28	157	6910	106	615	
389	1067	19	100	360	0	32	1454	20	157	679	13	64	39	2	2	1204	24	103	2107	28	157	6910	106	615	
390	1067	19	100	360	0	32	1454	20	157	679	13	64	39	2	2	1204	24	103	2107	28	157	6910	106	615	
391	1067	19	100	360	0	32	1454	20	157	679	13	64	39	2	2	1204	24	103	2107	28	157	6910	106	615	
392	1067	19	100	360	0	32	1461	20	158	679	13	64	39	2	2	1204	24	103	2241	28	162	7051	106	621	
393	1067	19	100	360	0	32	1461	20	151	679	13	64	39	2	2	1204	24	103	2288	28	164	7098	106	616	
394	1067	19	100	360	0	32	1461	20	151	679	13	64	39	2	2	1236	24	104	2288	28	164	7130	106	617	
395	1067	19	100	360	0	32	1461	20	151	679	13	64	39	2	2	1236	24	104	2288	28	164	7130	106	617	
396	1067	19	100	360	0	32	1461	20	151	679	13	64	39	2	2	1236	24	104	2288	28	164	7130	106	617	
397	1067	19	100	360	0	32	1461	20	151	679	13	64	39	2	2	1236	24	104	2288	28	164	7130	106	617	
398	1067	19	100	360	0	32	1461	20	151	679	13	64	39	2	2	1236	24	104	2288	28	164	7130	106	617	
399	1067	19	100	360	0	32	1461	20	151	679	13	64	39	2	2	1236	24	104	2288	28	164	7130	106	617	
400	1067	19	100	360	0	32	1461	20	151	679	13	64	39	2	2	1236	24	104	2288	28	164	7130	106	617	
401	1067	19	100	360	0	32	1461	20	151	679	13	64	39	2	2	1236	24	104	2288	28	164	7130	106	617	
402	1067	19	100	360	0	32	1461	20	151	679	13	64	39	2	2	1236	24	104	2288	28	164	7130	106	617	
403	1067	19	100	360	0	32	1461	20	151	679	13	64	39	2	2	1236	24	104	2288	28	164	7130	106	617	
404	1067	19	100	360	0	32	1461	20	151	679	13	64	39	2	2	1236	24	104	2288	28	164	7130	106	617	
405	1067	19	100	360	0	32	1461	20	151	679	13	64	39	2	2	1236	24	104	2288	28	164	7130	106	617	
406	1067	19	100	360	0	32	1461	20	151	679	13	64	39	2	2	1236	24	104	2288	28	164	7130	106	617	
407	1067	19	100	360	0	32	1461	20	151	679	13	64	39	2	2	1236	24	104	2288	28	164	7130	106	617	
408	1067	19	100	360	0	32	1461	20	151	679	13	64	39	2	2	1236	24	104	2288	28	164	7130	106	617	
409	1067	19	100	360	0	32	1461	20	151	679	13	64	39	2	2	1236	24	104	2288	28	164	7130	106	617	
410	1067	19	100	360	0	32	1460	20	151	679	13	64	39	2	2	1236	24	104	2288	28	164	7129	106	617	
411	1067	19	100	360	0	32	1460	20	151	679	13	64	39	2	2	1236	24	104	2288	28	164	7129	106	617	
412	1067	19	100	360	0	32	1460	20	151	679	13	64	39	2	2	1236	24	104	2288	28	164	7129	106	617	
413	1067	19	100	360	0	32	1460	20	151	679	13	64	39	2	2	1236	24	104	2288	28	164	7129	106	617	
414	1067	19	100	360	0	32	1461	20	151	679	13	64	39	2	2	1236	24	104	2288	28	164	7130	106	617	
415	1067	19	100	360	0	32	1461	20	151	679	13	64	39	2	2	1236	24	104	2288	28	164	7130	106	617	
416	1067	19	100	360	0	32	1461	20	151	679	13	64	39	2	2	1236	24	104	2288	28	164	7130	106	617	
417	1067	19	100	360	0	32	1461	20	151	679	13	64	39	2	2	1236	24	104	2288	28	164	7130	106	617	
418	1067	19	100	360	0	32	1461	20	151	679	13	64	39	2	2	1236	24	104	2288	28	164	7130	106	617	
419	1067	19	100	360	0	32	1461	20	151	679	13	64	39	2	2	1236	24	104	2288	28	164	7130	106	617	
420	1067	19	100	360	0	32	1461	20	151	679	13	64	39	2	2	1236	24	104	2288	28	164	7130	106	617	
421	1067	19	100	360	0	32	1461	20	151	679	13	64	39	2	2	1236	24	104	2288	28	164	7130	106	617	
422	1067	19	100	360	0	32	1461	20	151	679	13	64	39	2	2	1236	24	104	2288	28	164	7130	106	617	
423	1067	19	100	360	0	32	1461	20	151	679	13	64	39	2	2	1236	24	104	2288	28	164	7130	106	617	
424	1067	19	100	360	0	32	1461	20	151	679	13	64	39	2	2	1236	24	104	2288	28	164	7130	106	617	
425	1075	19	101	360	0	32	1461	20	151	679	13	64	39	2	2	1253	24	104	2288	28	164	7155	106	618	
426	1075	19	101	365	0	33	1461	20	151	679	13	64	39	2	2	1304	24	106	2288	28	164	7211	106	621	
427	1057	19	100	365	0	33	1462	20	151	679	13	64	39	2	2	1383	24	108	2290	28	164	7275	106	622	
428	1057	19	100	365	0	33	1462	20	151	679	13	64	39	2	2	1383	24	108	2290	28	164	7275	106	622	
429	1051	19	100	365	0	33	1462	20	151	679	13	64	39	2	2	1383	24	108	2290	28	164	7269	106	622	
430	1051	19	100	367	0	33	1462	20	151	679	13	64	39	2	2	1383	24	108	2290	28	164	7271	106	622	
431	1051	19	100	367	0	33	1462	20	151	679	13	64	39	2	2	1383	24	108	2290	28	164	7271	106	622	
432	1051	19	100	367	0	33	1462	20	151	679	13	64	39	2	2	1383	24	108	2290	28	164	7271	106	622	
433	1051	19	100	367	0	33	1462	20	151	679	13	64	39	2	2	1383	24	108	2290	28	164	7271	106	622	
434	1051	19	100	367	0	33	1462	20	151	679	13	64	39	2	2	1383	24	108	2290	28	164	7271	106	622	
435	1051	19	100	367	0	33	1462	20	151	679	13	64	39	2	2	1383	24	108	2290	28	164	7271	106	622	
436	1051	19	100	367	0	33	1462	20	151	679	13	64	39	2	2	1383	24	108	2290	28	164	7271	106	622	
437	1051	19	100	400	0	34	1462	20	151	679	13	64	39	2	2	1383	24	108	2290	28	164	7304	106	623	
438	1051	19	100	400	0	34	1462	20	151	679	13	64	39	2	2	1383	24	108	2290	28	164	7304	106	623	
439	1051	19	100	404	0	34	1462	20	151	679	13	64	39	2	2	1383	24	108	2290	28	164	7308	106	623	
440	1051	19	100	404	0	34	1462	20	151	679	13	64	39	2	2	1383	24	108	2290	28	164	7308	106	623	
441	1051	19	100	413	0	36	1462	20	151	679	13	64	39	2	2	1383	24	108	2290	28	164	7317	106	625	
442	1051	19	100	413	0	36	1462	20	151	679	13	64	39	2	2	1377	24	108	2290	28	164	7311	106	625	
443	1051	19	100	413	0	36	1501	20	153	679	13	64	39	2	2	1377	24	108	2401	28	168	7461	106	631	
444	1051	19	100	413	0	36	1507	21	153	679	13	64	39	2	2	1377	24	108	2426	29	170	7492	108	633	
445	1059	19	100	413	0	36	1515	21	156	679	13	64	39	2	2	1377	24	108	2426	29	170	7508	108	636	
446	1059	19	100	413	0	36	1515	21	156	679	13	64	39	2	2	1377	24	108	2426	29	170	7508	108	636	
447	1059	19	100	413	0	36	1515	21	156	679	13	64	39	2	2	1377	24	108	2426	29	170	7508	108	636	
448	1059	19	100	413	0	36	1515	21	156	679	13	64	39	2	2	1377	24	108	2426	29	170	7508	108	636	
449	1059	19	100	413	0	36	1515	21	156	679	13	64	39	2	2	1377	24	108	2426	29	170	7508	108	636	
450	1059	19	100	413	0	36	1515	21	156	679	13	64	39	2	2	1377	24	108	2426	29	170	7508	108	636	
451	1059	19	100	413	0	36	1515	21	156	679	13	64	39	2	2	1377	24	108	2426	29	170	7508	108	636	
452	1059	19	100	413	0	36	1515	21	156	679	13	64	39	2	2	1377	24	108	2426	29	170	7508	108	636	
453	1059	19	100	426	0	38	1515	21	156	679	13	64	39	2	2	1377	24	108	2426	29	170	7521	108	638	
454	1059	19	100	426	0	38	1515	21	156	679	13	64	39	2	2	1377	24	108	2426	29	170	7521	108	638	
455	1059	19	100	426	0	38	1515	21	156	679	13	64	39	2	2	1377	24	108	2426	29	170	7521	108	638	
456	1059	19	100	426	0	38	1515	21	156	679	13	64	39	2	2	1377	24	108	2426	29	170	7521	108	638	
457	1059	19	100	426	0	38	1515	21	156	679	13	64	39	2	2	1377	24	108	2426	29	170	7521	108	638	
458	1059	19	100	426	0	38	1515	21	156	679	13	64	39	2	2	1377	24	108	2426	29	170	7521	108	638	
459	1059	19	100	426	0	38	1520	21	156	679	13	64	39	2	2	1377	24	108	2458	29	172	7558	108	640	
460	1055	19	100	426	0	38	1531	21	157	679	13	64	39	2	2	1377	24	108	2458	29	172	7565	108	641	
461	1055	19	100	426	0	38	1531	21	157	679	13	64	39	2	2	1377	24	108	2458	29	172	7565	108	641	
462	1054	19	100	425	0	38	1531	21	157	685	12	65	39	2	2	1351	24	107	2458	29	172	7543	107	641	
463	1054	19	100	425	0	38	1531	21	157	685	12	65	39	2	2	1351	24	107	2458	29	172	7543	107	641	
464	1054	19	100	425	0	38	1531	21	157	685	12	65	39	2	2	1351	24	107	2458	29	172	7543	107	641	
465	1054	19	100	425	0	38	1531	21	157	685	12	65	39	2	2	1351	24	107	2458	29	172	7543	107	641	
466	1054	19	100	425	0	38	1531	21	157	685	12	65	39	2	2	1351	24	107	2458	29	172	7543	107	641	
467	1054	19	100	446	0	40	1531	21	157	685	12	65	39	2	2	1353	24	107	2458	29	172	7566	107	643	
468	1058	19	100	446	0	40	1531	21	157	685	12	65	39	2	2	1353	24	107	2458	29	172	7570	107	643	
469	1058	19	100	446	0	40	1531	21	157	685	12	65	39	2	2	1353	24	107	2458	29	172	7570	107	643	
470	1058	19	100	446	0	40	1531	21	157	685	12	65	39	2	2	1353	24	107	2458	29	172	7570	107	643	
471	1058	19	100	446	0	40	1531	21	157	685	12	65	39	2	2	1353	24	107	2458	29	172	7570	107	643	
472	1058	19	100	446	0	41	1531	21	157	685	12	65	39	2	2	1353	24	107	2458	29	172	7570	107	644	
473	1063	19	101	446	0	41	1531	21	157	685	12	65	39	2	2	1386	24	109	2458	29	172	7608	107	647	
474	1063	19	101	481	0	43	1531	21	157	685	12	65	39	2	2	1408	24	109	2458	29	172	7665	107	649	
475	1063	19	101	481	0	43	1531	21	157	685	12	65	39	2	2	1408	24	109	2458	29	172	7665	107	649	
476	1063	19	101	481	0	43	1531	21	157	685	12	65	39	2	2	1408	24	109	2458	29	172	7665	107	649	
477	1063	19	101	481	0	43	1531	21	157	685	12	65	39	2	2	1408	24	109	2458	29	172	7665	107	649	
478	1063	19	101	481	0	43	1531	21	157	685	12	65	39	2	2	1408	24	109	2458	29	172	7665	107	649	
479	1063	19	101	481	0	43	1531	21	157	685	12	65	39	2	2	1408	24	109	2458	29	172	7665	107	649	
480	1063	19	101	481	0	43	1531	21	157	685	12	65	39	2	2	1408	24	109	2458	29	172	7665	107	649	
481	1063	19	101	481	0	43	1531	21	157	685	12	65	39	2	2	1408	24	109	2458	29	172	7665	107	649	
482	1063	19	101	481	0	43	1555	21	159	701	13	68	39	2	2	1408	24	109	2525	29	173	7772	108	655	
483	1063	19	101	481	0	43	1555	21	159	701	13	68	39	2	2	1408	24	109	2525	29	173	7772	108	655	
484	1063	19	101	481	0	43	1560	21	159	701	13	68	39	2	2	1408	24	109	2529	29	173	7781	108	655	
485	1063	19	101	481	0	43	1560	21	159	701	13	68	39	2	2	1437	24	110	2529	29	173	7810	108	656	
486	1063	19	101	481	0	43	1560	21	159	701	13	68	39	2	2	1473	24	112	2541	29	173	7858	108	658	
487	1055	19	99	481	0	43	1560	21	159	701	13	68	39	2	2	1473	24	112	2541	29	173	7850	108	656	
488	1051	19	98	481	0	43	1562	21	159	708	13	69	39	2	2	1473	24	112	2541	29	173	7855	108	656	
489	1051	19	98	481	0	43	1562	21	159	708	13	69	39	2	2	1473	24	112	2541	29	173	7855	108	656	
490	1051	19	98	481	0	43	1562	21	159	708	13	69	39	2	2	1541	24	115	2541	29	173	7923	108	659	
491	1051	19	98	475	0	43	1562	21	159	708	13	69	39	2	2	1541	24	115	2541	29	173	7917	108	659	
492	1028	19	102	518	0	51	1559	21	153	708	13	69	39	2	2	1541	24	115	2601	29	173	7994	108	665	
493	1029	19	102	518	0	51	1559	21	153	708	13	69	39	2	2	1612	24	117	2601	29	173	8066	108	667	